1687731109
1732739387
125140342
847237581
1705444257
937390890
788653838
635985982
990288355
778118235
1805249062
1172020218
1423793642
289462573
947003956
1294180575
1578547209
629966625
754686665
980359473
1407122927
1425113325
994538284
1339714587
217024914
1110496992
342568467
144567262
937967677
1892778359
1250616702
1692457325
1709356760
122835754
768732711
829053425
1027012239
1668629934
674354565
1605968736
1942070456
774203239
430420700
1355781804
1823285158
1509491463
1798696630
566961591
538518198
1379265328
1373881978
1090231702
1193739310
1384352896
981291474
2038878205
29436256
813915782
11716684
1501296111
1498368974
1694101296
1422289946
786647665
1277974723
1937215814
786613731
707645985
641632809
1407229276
1065037321
806056302
1061422438
180259837
1675138189
536930353
462158177
44129640
805001265
509284755
1826543990
446106065
839222778
144636350
2099129693
1211397335
1810035785
18095093
1329033824
1094067521
1237839833
1699984742
1521119106
1803480654
1515158020
399756014
1370479482
1886539899
1627518185
1198923456
467465191
1192284411
